0.075901 0.714467 0.942971 0.847035 0.291313 0.950051 1
0.237407 0.000216 0.121110 0.826169 0.101035 0.198371 0
0.817325 0.205375 0.113707 0.994072 0.783457 0.425384 1
0.576173 0.699573 0.186635 0.080294 0.543068 0.507601 1
0.294685 0.629644 0.214756 0.426104 0.734044 0.649077 0
0.825837 0.970436 0.204514 0.370519 0.272926 0.315874 0
0.947904 0.858538 0.302287 0.171977 0.791538 0.271665 0
0.759231 0.020700 0.474394 0.669048 0.051029 0.132674 0
0.129273 0.424373 0.742865 0.039484 0.244529 0.937010 1
0.994377 0.473185 0.202659 0.909189 0.604581 0.723529 1
0.953393 0.848231 0.323206 0.223402 0.085496 0.444467 0
0.483898 0.388871 0.526626 0.303394 0.392743 0.698126 1
0.224738 0.369756 0.299000 0.613533 0.049108 0.323572 0
0.518421 0.604376 0.282429 0.415578 0.468393 0.674442 1
0.924706 0.221990 0.008186 0.954902 0.701419 0.277370 1
0.198887 0.933008 0.223544 0.700233 0.655377 0.171910 1
0.352571 0.154517 0.111079 0.188906 0.145729 0.105900 0
0.580411 0.439559 0.250049 0.075555 0.004918 0.689455 0
0.443233 0.628682 0.494118 0.066839 0.714539 0.405247 0
0.885297 0.888167 0.887549 0.499844 0.353273 0.138917 0
0.760832 0.166607 0.858352 0.464337 0.606333 0.448036 1
0.619908 0.146655 0.805290 0.939694 0.498334 0.725214 0
0.757685 0.648590 0.041422 0.860802 0.264210 0.640679 1
0.574962 0.209391 0.044309 0.747356 0.976846 0.631746 1
0.439789 0.290526 0.319087 0.987313 0.965196 0.614352 0
0.476774 0.923373 0.389083 0.438255 0.008325 0.864490 0
0.850677 0.697402 0.087545 0.384187 0.376100 0.273993 0
0.144122 0.428268 0.354219 0.219942 0.162966 0.916755 0
0.178170 0.220768 0.594934 0.304721 0.220662 0.784120 1
0.996104 0.560005 0.873156 0.300842 0.064601 0.198029 0
0.331019 0.758917 0.001465 0.731628 0.892672 0.275725 1
0.428417 0.435511 0.036241 0.809539 0.668881 0.547048 0
0.229440 0.924641 0.743587 0.140964 0.095474 0.968241 0
0.243732 0.592963 0.281144 0.710032 0.456435 0.183381 1
0.239609 0.529031 0.664460 0.077863 0.054638 0.571951 0
0.388328 0.971146 0.268541 0.876925 0.716445 0.482545 1
0.476858 0.709623 0.946491 0.600731 0.074751 0.538223 1
0.316139 0.783990 0.091410 0.191997 0.384328 0.515617 0
0.743455 0.921667 0.809598 0.282575 0.681106 0.758486 1
0.371714 0.527809 0.252705 0.135670 0.567817 0.132602 0
0.324698 0.365985 0.468530 0.376754 0.907958 0.723260 0
0.908910 0.294670 0.654985 0.284252 0.304205 0.948389 0
0.635781 0.186697 0.035705 0.685976 0.593727 0.486504 1
0.188461 0.117583 0.037709 0.882466 0.589511 0.898459 0
0.834926 0.019757 0.230413 0.459045 0.071336 0.368500 0
0.808650 0.749074 0.333625 0.560159 0.123196 0.077400 0
0.725299 0.652080 0.833131 0.536231 0.293555 0.255256 0
0.413456 0.539293 0.690883 0.751103 0.274134 0.204435 1
0.645054 0.701118 0.612725 0.974369 0.971109 0.410452 0
0.667809 0.604207 0.442086 0.498855 0.343857 0.450229 0
0.415824 0.354151 0.960842 0.507488 0.798893 0.239934 1
0.633655 0.620318 0.777973 0.345272 0.181415 0.596234 1
0.726623 0.785304 0.470904 0.401202 0.871612 0.957596 1
0.775272 0.838800 0.262836 0.647532 0.263131 0.885468 1
0.840508 0.161777 0.479167 0.090231 0.098337 0.902679 0
0.852088 0.410750 0.650851 0.354521 0.843598 0.072453 1
0.653394 0.044544 0.086445 0.648556 0.522182 0.152242 1
0.635996 0.823849 0.802891 0.915843 0.846191 0.905833 1
0.720557 0.036579 0.318026 0.972026 0.368266 0.846121 0
0.389949 0.539697 0.582059 0.069779 0.879566 0.563511 0
0.482038 0.347268 0.206784 0.126128 0.113508 0.112583 0
0.396931 0.048191 0.692279 0.751732 0.019079 0.854240 1
0.590341 0.041153 0.701095 0.989002 0.548014 0.842149 1
0.398843 0.740277 0.728810 0.895318 0.651869 0.842350 1
0.241675 0.484969 0.718638 0.774700 0.930462 0.970167 1
0.297229 0.833480 0.079742 0.533348 0.781237 0.850556 1
0.006969 0.431923 0.360455 0.889978 0.529810 0.300992 0
0.970960 0.611549 0.427200 0.363562 0.701363 0.698029 1
0.163666 0.137514 0.904135 0.776648 0.824392 0.065461 1
0.911148 0.234961 0.039937 0.564123 0.923804 0.402955 1
0.203254 0.430150 0.466876 0.719089 0.911152 0.570876 0
0.078235 0.225060 0.025745 0.384974 0.359663 0.176850 0
0.965920 0.306813 0.357359 0.342773 0.997536 0.806517 1
0.919826 0.221075 0.458187 0.622108 0.643127 0.995281 1
0.082285 0.527169 0.801423 0.096381 0.512273 0.616548 0
0.203690 0.056992 0.893359 0.098224 0.882537 0.213057 1
0.289631 0.837236 0.715664 0.796171 0.262645 0.904758 1
0.843386 0.006826 0.593920 0.631381 0.507671 0.985292 1
0.859464 0.456233 0.551309 0.355802 0.225832 0.648925 0
0.143008 0.047545 0.359485 0.407713 0.129170 0.978896 0
0.821735 0.765074 0.355585 0.856365 0.865267 0.360882 0
0.159451 0.420682 0.758527 0.695299 0.772191 0.255203 1
0.617055 0.041607 0.521804 0.831516 0.181890 0.885917 0
0.280282 0.463615 0.587026 0.149980 0.904008 0.488126 1
0.055080 0.894524 0.194979 0.014477 0.694911 0.146659 0
0.519346 0.214548 0.781706 0.193116 0.799083 0.308283 1
0.497920 0.976096 0.015656 0.125854 0.427930 0.392818 0
0.080362 0.035768 0.520228 0.656891 0.241443 0.064307 1
0.906903 0.637785 0.294039 0.274912 0.486594 0.220993 0
0.093655 0.065064 0.745791 0.642075 0.098549 0.405813 1
0.247535 0.644299 0.170918 0.938062 0.844274 0.396768 1
0.066112 0.053028 0.332606 0.842068 0.058513 0.825261 0
0.040602 0.951995 0.433059 0.733258 0.805332 0.771230 1
0.896222 0.084240 0.519530 0.921111 0.785689 0.938123 1
0.784377 0.908951 0.544656 0.943754 0.212132 0.582869 1
0.226236 0.559909 0.598086 0.056389 0.937648 0.123904 0
0.194084 0.858425 0.332175 0.184942 0.731012 0.341304 0
0.679086 0.269116 0.179835 0.545530 0.441989 0.609870 0
0.494543 0.704775 0.306180 0.848329 0.177228 0.586861 1
0.719662 0.074234 0.573544 0.657644 0.175400 0.862210 0
0.337269 0.471992 0.308287 0.273235 0.513537 0.885700 0
0.257668 0.982221 0.157676 0.710316 0.072881 0.931103 1
0.501247 0.156127 0.274992 0.205817 0.416775 0.859105 0
0.241796 0.256863 0.078702 0.164880 0.533834 0.324991 0
0.400434 0.346320 0.379978 0.473047 0.835833 0.801325 0
0.656633 0.845714 0.282820 0.365186 0.282519 0.820666 1
0.867461 0.258871 0.972575 0.726431 0.956681 0.530142 1
0.008063 0.725180 0.124528 0.068087 0.173392 0.841539 0
0.711330 0.624549 0.228086 0.802962 0.132891 0.892145 1
0.078723 0.880684 0.163674 0.686439 0.503929 0.091760 1
0.572133 0.489401 0.691072 0.970668 0.497762 0.672118 0
0.622930 0.652970 0.022903 0.755921 0.085290 0.817862 1
0.102954 0.215977 0.164344 0.748130 0.907414 0.006646 0
0.461616 0.701711 0.951105 0.808129 0.086718 0.794633 1
0.571318 0.290769 0.725862 0.383893 0.805142 0.903138 1
0.212423 0.290227 0.641647 0.380222 0.321927 0.618194 1
0.738055 0.262188 0.660126 0.448594 0.542029 0.905617 1
0.672892 0.767240 0.307472 0.766498 0.108764 0.015316 0
0.554890 0.966918 0.517964 0.396963 0.899626 0.384501 0
0.745105 0.065412 0.489540 0.287355 0.140838 0.147194 0
0.503395 0.083921 0.574249 0.652165 0.832270 0.495131 1
0.689725 0.170395 0.489945 0.086744 0.014203 0.660800 0
0.527595 0.140551 0.190726 0.406973 0.389384 0.164907 0
0.902969 0.860255 0.402657 0.491679 0.068709 0.775765 1
0.017085 0.466809 0.381037 0.454709 0.133761 0.926043 0
0.938023 0.508074 0.627768 0.834538 0.482734 0.631245 1
0.730171 0.253242 0.620121 0.173581 0.371392 0.250472 0
0.113072 0.888319 0.893995 0.506647 0.155028 0.343698 1
0.448907 0.973444 0.914806 0.976323 0.194433 0.171783 1
0.206211 0.025247 0.465522 0.641290 0.213965 0.052514 0
0.850979 0.789354 0.002236 0.437092 0.132120 0.063527 0
0.125962 0.542324 0.532996 0.278532 0.552051 0.290144 0
0.998507 0.517745 0.599088 0.266514 0.096678 0.118230 0
0.936884 0.460031 0.639827 0.867795 0.884743 0.939303 1
0.701079 0.683899 0.570807 0.390614 0.116645 0.105828 0
0.561147 0.512174 0.712181 0.217894 0.140753 0.160803 0
0.120906 0.593026 0.228492 0.930273 0.232754 0.504720 1
0.854394 0.644877 0.653545 0.945279 0.252727 0.179283 0
0.172154 0.122386 0.508996 0.645416 0.622478 0.522734 1
0.119743 0.840654 0.848495 0.738927 0.949071 0.537290 1
0.846823 0.103365 0.360707 0.682770 0.527070 0.483110 1
0.175295 0.133033 0.515071 0.080634 0.649997 0.067469 1
0.374286 0.089146 0.904610 0.517133 0.144180 0.456062 1
0.924701 0.502349 0.220953 0.634712 0.804455 0.595568 1
0.162736 0.074696 0.332212 0.920720 0.672265 0.490946 0
0.860521 0.873915 0.322271 0.915807 0.891854 0.195221 0
0.122486 0.832782 0.827637 0.772538 0.174975 0.983298 1
0.953570 0.525564 0.240471 0.186842 0.621453 0.677197 1
0.446069 0.456831 0.899003 0.013699 0.816425 0.332854 1
0.889221 0.744121 0.335393 0.680108 0.811344 0.490971 0
0.800624 0.503425 0.382415 0.191182 0.799115 0.646829 1
0.650711 0.268301 0.687784 0.843979 0.371176 0.305880 0
0.006537 0.272716 0.154284 0.880192 0.846054 0.166304 0
0.321854 0.633529 0.860896 0.690177 0.374699 0.069515 1
0.565746 0.091536 0.649149 0.288072 0.537508 0.391070 1
0.601462 0.826060 0.293996 0.600889 0.580117 0.179842 0
0.258759 0.279296 0.643128 0.716458 0.469650 0.951582 1
0.871036 0.425190 0.188839 0.250895 0.044574 0.507347 0
0.489248 0.240546 0.974330 0.705728 0.343917 0.242209 1
0.579558 0.468449 0.737427 0.269477 0.865246 0.344796 1
0.165096 0.178284 0.146168 0.604950 0.831199 0.931318 0
0.063572 0.016359 0.730039 0.513238 0.073615 0.928200 1
0.124030 0.348037 0.142739 0.968298 0.052564 0.811460 0
0.876673 0.127419 0.836385 0.825795 0.967572 0.528490 1
0.796961 0.542677 0.938710 0.581585 0.007722 0.714483 1
0.935775 0.248087 0.781413 0.018388 0.808340 0.688560 1
0.795964 0.623444 0.411018 0.858754 0.422228 0.799323 1
0.943354 0.929670 0.948466 0.361523 0.256114 0.601192 1
0.303624 0.495592 0.891530 0.045029 0.872106 0.621996 1
0.692692 0.594042 0.530974 0.563165 0.713140 0.212302 0
0.957933 0.864009 0.083507 0.704956 0.107054 0.766687 1
0.210408 0.409936 0.522244 0.455528 0.610098 0.270773 1
0.697601 0.909173 0.320353 0.764168 0.972971 0.486553 0
0.887876 0.574853 0.933548 0.014211 0.186688 0.586413 1
0.040416 0.494193 0.274657 0.945444 0.721137 0.809931 0
0.603561 0.555005 0.092664 0.157056 0.295642 0.207569 0
0.248042 0.992696 0.009267 0.867268 0.222786 0.951998 1
0.808313 0.859001 0.332939 0.816952 0.249003 0.229485 0
0.090989 0.616979 0.434780 0.662283 0.462423 0.541889 1
0.033696 0.770053 0.750741 0.412425 0.856782 0.289585 0
0.011007 0.475756 0.570391 0.158775 0.872904 0.413876 1
0.824344 0.261951 0.575195 0.715108 0.658778 0.349819 1
0.449138 0.289011 0.484245 0.311470 0.842167 0.670652 0
0.871050 0.959529 0.890912 0.711322 0.903582 0.236169 0
0.442152 0.157034 0.087891 0.358396 0.278052 0.641391 0
0.720163 0.058457 0.323909 0.428545 0.202303 0.440714 0
0.165085 0.785862 0.031732 0.290082 0.110688 0.626526 0
0.123479 0.666525 0.973017 0.595557 0.569803 0.601548 1
0.910237 0.423871 0.003739 0.953296 0.066202 0.412808 0
0.879074 0.945526 0.490817 0.724198 0.588247 0.464223 0
0.445324 0.201437 0.232074 0.911296 0.507736 0.322050 0
0.136587 0.671155 0.627245 0.720079 0.450670 0.432351 1
0.105454 0.901168 0.141041 0.934735 0.781075 0.563998 1
0.072888 0.748325 0.504053 0.869402 0.217107 0.845758 1
0.853976 0.652099 0.672637 0.896656 0.277996 0.973717 1
0.247895 0.271073 0.748812 0.578687 0.817930 0.311373 1
0.947527 0.859801 0.400675 0.893664 0.462100 0.381060 0
0.165683 0.674675 0.476325 0.125828 0.245819 0.989498 0
0.275436 0.266770 0.357426 0.577311 0.656218 0.397131 0
0.370956 0.462889 0.822428 0.622352 0.623815 0.132049 1
0.781120 0.009501 0.825019 0.490813 0.245748 0.768859 0
0.892664 0.837752 0.561826 0.837008 0.615200 0.864073 1
0.869072 0.018144 0.223854 0.865697 0.761226 0.852468 1
0.267581 0.659941 0.791172 0.610314 0.695528 0.928684 1
0.199517 0.073112 0.088963 0.012904 0.259371 0.359608 0
0.149175 0.736001 0.752812 0.819978 0.453144 0.663044 1
0.478826 0.456746 0.111248 0.396066 0.756501 0.926358 0
0.026363 0.379572 0.327697 0.972132 0.587930 0.483869 0
0.832311 0.325961 0.208587 0.397428 0.531344 0.351358 1
0.896326 0.254729 0.860689 0.253430 0.112255 0.885540 0
0.127743 0.611394 0.211482 0.871751 0.709085 0.997134 1
0.561136 0.429626 0.568867 0.862980 0.821797 0.135399 1
0.410652 0.209197 0.533539 0.691759 0.361874 0.968804 1
0.728684 0.122141 0.274016 0.246188 0.033338 0.658812 0
0.489092 0.260398 0.984306 0.923563 0.313151 0.140396 1
0.258173 0.150164 0.892938 0.356467 0.390374 0.044416 1
0.645142 0.969485 0.570193 0.680474 0.681092 0.828462 1
0.532970 0.350788 0.590893 0.908141 0.987840 0.934852 1
0.967887 0.282929 0.233746 0.569083 0.226114 0.216285 0
0.544227 0.590533 0.340143 0.924964 0.769841 0.324456 0
0.890891 0.691389 0.649663 0.454923 0.861958 0.430355 0
0.635357 0.092394 0.714095 0.018194 0.143298 0.421671 0
0.635038 0.625315 0.800805 0.877551 0.106219 0.061162 0
0.543742 0.801272 0.341483 0.216120 0.305608 0.679576 1
0.682423 0.790450 0.255424 0.617571 0.439742 0.817334 1
0.217266 0.046374 0.130409 0.943765 0.664200 0.432711 0
0.296553 0.059767 0.339177 0.821356 0.260465 0.051703 0
0.361041 0.367704 0.625301 0.038835 0.361817 0.084318 1
0.807844 0.065858 0.878722 0.467325 0.743167 0.179488 1
0.888491 0.805620 0.837771 0.337291 0.449917 0.173439 0
0.610226 0.092993 0.050490 0.118910 0.922127 0.093143 1
0.536891 0.351508 0.009629 0.173462 0.015147 0.773433 0
0.954537 0.002849 0.940530 0.963907 0.280838 0.182724 0
0.386262 0.080029 0.220310 0.546181 0.841900 0.142586 0
0.753776 0.026324 0.760088 0.890206 0.259266 0.710439 0
0.763187 0.472821 0.974165 0.327640 0.603933 0.175018 1
0.183191 0.601789 0.716045 0.821994 0.076767 0.177548 1
0.918791 0.865696 0.333818 0.818819 0.034515 0.867117 1
0.202257 0.377979 0.686502 0.069785 0.439678 0.688113 1
0.828591 0.267143 0.245699 0.353810 0.098149 0.459279 0
0.470068 0.457841 0.663127 0.678930 0.515014 0.781153 1
0.368350 0.407285 0.305954 0.991654 0.826964 0.628795 0
0.219190 0.140046 0.812878 0.907107 0.136611 0.924635 1
0.160865 0.762813 0.189507 0.114136 0.895732 0.266652 0
0.041071 0.556989 0.619740 0.837117 0.723410 0.749971 1
0.265577 0.877254 0.735561 0.598571 0.502550 0.146328 1
0.061284 0.065162 0.364435 0.418315 0.298807 0.591986 0
0.189182 0.597784 0.430145 0.286594 0.800197 0.412417 0
0.921013 0.248898 0.389755 0.313493 0.008734 0.034285 0
0.852762 0.233002 0.854950 0.393176 0.153687 0.331072 0
0.493935 0.450837 0.478232 0.942362 0.497647 0.264889 0
0.879173 0.160742 0.335062 0.612542 0.518146 0.554472 1
0.755138 0.663828 0.932160 0.196990 0.297294 0.917422 1
0.968533 0.442480 0.835634 0.852726 0.039920 0.318733 0
0.686361 0.035214 0.765702 0.398226 0.598062 0.696344 1
0.793789 0.284182 0.729996 0.681439 0.994395 0.098539 1
0.476241 0.285462 0.666035 0.980228 0.444188 0.820874 1
0.370800 0.610523 0.042576 0.483970 0.297810 0.070565 0
0.604289 0.838601 0.649022 0.186003 0.837534 0.792051 1
0.746037 0.985934 0.041536 0.738246 0.509399 0.953417 1
0.663256 0.028722 0.371950 0.726173 0.193625 0.247732 0
0.673925 0.272806 0.503548 0.054820 0.234349 0.084201 0
0.943286 0.243454 0.803149 0.452859 0.799531 0.662716 1
0.089484 0.743355 0.152374 0.080007 0.260914 0.245254 0
0.148345 0.422593 0.802303 0.479684 0.043021 0.590807 1
0.897692 0.106612 0.442710 0.073258 0.916270 0.573067 1
0.692291 0.417064 0.259490 0.305521 0.167540 0.520415 0
0.687830 0.341360 0.870696 0.634702 0.174788 0.817732 0
0.520534 0.768469 0.792988 0.989421 0.168137 0.543767 1
0.506602 0.607342 0.556637 0.502233 0.510044 0.713064 1
0.172122 0.043436 0.650697 0.844694 0.229595 0.673398 1
0.002616 0.212284 0.091947 0.385658 0.643021 0.911086 0
0.148627 0.778653 0.492236 0.284839 0.360084 0.406040 0
0.194053 0.200509 0.674620 0.049366 0.581426 0.506671 1
0.665854 0.190477 0.790174 0.413740 0.842924 0.226580 1
0.944822 0.540864 0.338597 0.847559 0.056386 0.319780 0
0.003900 0.818323 0.878100 0.695690 0.112837 0.740401 1
0.577683 0.302940 0.630328 0.208801 0.381206 0.966583 0
0.762468 0.660505 0.706425 0.546675 0.889863 0.210861 0
0.982492 0.805503 0.348746 0.580065 0.771993 0.589007 1
0.305301 0.033228 0.648572 0.422891 0.420829 0.470320 1
0.351715 0.811769 0.337976 0.622909 0.718641 0.806662 1
0.252754 0.472177 0.164684 0.299245 0.715506 0.041766 0
0.079527 0.384919 0.810859 0.639857 0.340672 0.051305 1
0.874691 0.763083 0.892848 0.431308 0.606004 0.247932 0
0.930527 0.858908 0.899880 0.993270 0.700070 0.554769 1
0.749543 0.886815 0.847625 0.058406 0.941476 0.607053 1
0.178722 0.214249 0.048987 0.184118 0.058257 0.703897 0
0.136170 0.503369 0.835238 0.397978 0.405583 0.966999 0
0.567735 0.533378 0.092573 0.585382 0.780704 0.189453 0
0.504279 0.470575 0.826385 0.701478 0.780469 0.259502 1
0.439791 0.440292 0.423784 0.990611 0.878045 0.344989 0
0.217651 0.121829 0.763265 0.199912 0.046968 0.644041 1
0.977737 0.174587 0.910066 0.253507 0.530854 0.703506 1
0.517999 0.100425 0.314135 0.044276 0.019679 0.565411 0
0.397536 0.811024 0.699416 0.563568 0.777577 0.057125 1
0.795811 0.756764 0.708524 0.147342 0.711857 0.262471 0
0.834050 0.113657 0.591305 0.645566 0.537206 0.687975 1
0.188175 0.271914 0.176674 0.996350 0.939816 0.450418 0
0.322388 0.522140 0.108898 0.281054 0.357922 0.378381 0
0.376623 0.626677 0.985422 0.909054 0.888558 0.398365 1
0.359798 0.052724 0.060253 0.499422 0.733064 0.267465 0
0.680371 0.312966 0.528072 0.403272 0.497490 0.897966 0
0.566699 0.759996 0.791276 0.044828 0.846743 0.832212 1
0.350837 0.992032 0.987140 0.082600 0.685703 0.549909 0
0.407528 0.757479 0.138340 0.588277 0.624584 0.355352 1
0.890594 0.663201 0.664376 0.577662 0.600822 0.371949 0
0.987781 0.146401 0.013114 0.840745 0.402300 0.334985 0
0.977380 0.450612 0.442550 0.549033 0.732049 0.002101 1
0.297189 0.725314 0.522733 0.544806 0.312948 0.824457 1
0.090759 0.188054 0.720955 0.510012 0.437146 0.034189 1
0.010126 0.431374 0.832073 0.150611 0.757122 0.761718 1
0.985745 0.392911 0.417779 0.241706 0.470300 0.454554 0
0.375176 0.585256 0.142031 0.694958 0.231250 0.169844 1
0.786626 0.023529 0.782797 0.497117 0.641369 0.957864 1
0.358062 0.171040 0.910165 0.019877 0.416217 0.348287 1
0.355314 0.640345 0.517803 0.809309 0.924186 0.660925 1
0.691744 0.582494 0.543737 0.274659 0.949856 0.206545 0
0.943510 0.439479 0.262392 0.470410 0.736834 0.585533 1
0.436606 0.322542 0.601861 0.052178 0.200267 0.080380 1
0.980962 0.661909 0.722568 0.782978 0.503278 0.132813 0
0.065475 0.179324 0.613941 0.148873 0.778072 0.240565 1
0.271665 0.899972 0.956968 0.521351 0.082330 0.184575 1
0.245686 0.500676 0.726553 0.031879 0.870963 0.797186 0
0.275233 0.565831 0.746428 0.595599 0.844051 0.167076 1
0.695012 0.076165 0.833524 0.316187 0.753311 0.710006 1
0.384724 0.593798 0.125148 0.100025 0.899154 0.751918 0
0.443400 0.912660 0.342327 0.067052 0.398635 0.991074 0
0.728058 0.903880 0.669177 0.681343 0.382011 0.066604 0
0.762715 0.999426 0.192260 0.308822 0.752487 0.106874 0
0.652440 0.245996 0.258377 0.660331 0.845025 0.083355 1
0.439834 0.155585 0.264449 0.211755 0.304359 0.167620 0
0.549326 0.075956 0.568772 0.976407 0.031319 0.960753 0
0.905338 0.649623 0.192380 0.103578 0.543826 0.044578 0
0.529038 0.973742 0.355780 0.231426 0.517590 0.302676 0
0.962037 0.690473 0.835060 0.104886 0.485732 0.624757 1
0.385669 0.773016 0.465269 0.026252 0.966678 0.879267 0
0.146343 0.101845 0.897657 0.514941 0.014091 0.590201 1
0.245884 0.316686 0.978765 0.976016 0.468963 0.511692 1
0.576147 0.310402 0.521389 0.701438 0.567152 0.764502 1
0.220763 0.076821 0.302831 0.810797 0.883405 0.661227 0
0.360011 0.139001 0.281282 0.220383 0.284403 0.966886 0
0.457116 0.646144 0.262723 0.869284 0.445581 0.007299 1
0.346934 0.929322 0.158001 0.852018 0.431028 0.280272 1
0.716708 0.242907 0.226902 0.379158 0.952789 0.545979 1
0.817196 0.582550 0.191980 0.598236 0.829360 0.566186 1
0.482388 0.591499 0.784060 0.496364 0.070630 0.757391 0
0.305676 0.782042 0.698379 0.023415 0.887312 0.416858 0
0.994071 0.632950 0.026373 0.244693 0.769503 0.186593 0
0.631966 0.347692 0.986998 0.152339 0.672736 0.710292 1
0.844627 0.917182 0.810353 0.327539 0.140234 0.536830 1
0.591148 0.739709 0.562242 0.444792 0.583260 0.834851 1
0.162038 0.965478 0.163778 0.407208 0.199891 0.371765 0
0.025732 0.056561 0.552519 0.918697 0.341476 0.725082 1
0.940981 0.032492 0.707414 0.366765 0.506240 0.779231 1
0.913697 0.534766 0.752238 0.122345 0.041725 0.176154 0
0.364191 0.986403 0.502219 0.808206 0.549533 0.883858 1
0.002981 0.429956 0.349119 0.128341 0.566518 0.917877 0
0.504173 0.902194 0.530222 0.376015 0.569381 0.707818 1
0.186736 0.055069 0.520339 0.149439 0.449628 0.754750 1
0.461660 0.120625 0.533338 0.292807 0.771445 0.836293 1
0.237093 0.126482 0.879924 0.450959 0.448255 0.933494 1
0.625725 0.264122 0.634085 0.077385 0.043545 0.550152 0
0.066763 0.430156 0.396398 0.330696 0.438875 0.004254 0
0.143877 0.032651 0.452138 0.656610 0.860645 0.895656 0
0.327837 0.709054 0.154289 0.576487 0.372858 0.840786 1
0.701021 0.380746 0.807473 0.896228 0.824896 0.329133 1
0.362113 0.902137 0.790294 0.630905 0.956209 0.226663 1
0.505187 0.535294 0.030987 0.668637 0.044252 0.316457 0
0.409562 0.011986 0.229129 0.806259 0.284174 0.910587 0
0.020064 0.127774 0.070642 0.583455 0.486347 0.758909 0
0.068962 0.324597 0.542626 0.573420 0.377515 0.224762 1
0.762445 0.995391 0.958273 0.376242 0.335148 0.073930 0
0.180148 0.545915 0.425270 0.400798 0.699822 0.900461 0
0.852188 0.860121 0.514391 0.226839 0.676602 0.952654 1
0.354087 0.530986 0.356346 0.586083 0.904140 0.039376 1
0.930599 0.141154 0.098795 0.329437 0.430861 0.822339 0
0.528208 0.560865 0.832845 0.102393 0.817029 0.464125 0
0.379507 0.358194 0.466072 0.945494 0.377742 0.598394 0
0.407772 0.934916 0.018578 0.261997 0.042759 0.875648 0
0.740945 0.734782 0.112789 0.083164 0.174996 0.027216 0
0.255499 0.355972 0.733230 0.931841 0.923471 0.908809 1
0.914749 0.688781 0.084807 0.121025 0.701044 0.985374 1
0.773699 0.980344 0.208897 0.259815 0.718686 0.691905 1
0.454696 0.126978 0.817476 0.844747 0.699042 0.592376 1
0.698492 0.937631 0.994439 0.685614 0.101867 0.070811 0
0.630171 0.124148 0.311644 0.998138 0.048952 0.567400 0
0.773094 0.269132 0.588380 0.796870 0.720586 0.622222 1
0.367147 0.397447 0.180990 0.647506 0.845929 0.320545 0
0.787748 0.091406 0.170011 0.221267 0.986140 0.268663 1
0.293291 0.832718 0.910606 0.254581 0.880108 0.080404 0
0.407064 0.444815 0.155108 0.732042 0.991542 0.173116 0
0.047453 0.024266 0.068855 0.391066 0.877841 0.134787 0
0.361474 0.738917 0.773191 0.187977 0.152955 0.351824 0
0.101264 0.276896 0.685582 0.830451 0.307392 0.275790 1
0.878094 0.082077 0.555436 0.677815 0.374632 0.930533 0
0.013075 0.395986 0.549951 0.548564 0.987211 0.972352 1
0.685501 0.392545 0.231124 0.823491 0.954286 0.281745 1
0.307193 0.555406 0.287150 0.901863 0.936833 0.083058 1
0.850217 0.187272 0.961349 0.344483 0.973808 0.375855 1
0.614206 0.930573 0.576837 0.221620 0.822008 0.360406 0
0.051241 0.916097 0.201760 0.975239 0.270761 0.759054 1
0.805472 0.258408 0.185761 0.040703 0.948631 0.250679 1
0.461483 0.344937 0.701807 0.119315 0.633302 0.325637 1
0.987472 0.826886 0.978926 0.145667 0.402606 0.001692 0
0.820088 0.896256 0.381139 0.077730 0.607962 0.863294 1
0.309803 0.715571 0.019672 0.757482 0.435905 0.142394 1
0.299956 0.937953 0.332159 0.167311 0.567453 0.263051 0
0.438799 0.721435 0.589444 0.335472 0.564116 0.594210 0
0.401995 0.662263 0.301379 0.904605 0.101032 0.671291 1
0.290649 0.607151 0.544440 0.696311 0.324602 0.601678 1
0.303820 0.204475 0.950761 0.284110 0.124041 0.596265 1
0.732846 0.002257 0.107316 0.335125 0.124490 0.267871 0
0.845156 0.192343 0.753998 0.273340 0.666957 0.568740 1
0.226743 0.957337 0.021070 0.841298 0.549549 0.696781 1
0.346860 0.248748 0.457012 0.386901 0.972030 0.340898 0
0.188483 0.742789 0.526178 0.572086 0.765510 0.416210 1
0.338444 0.690503 0.138527 0.939510 0.680183 0.496660 1
0.243626 0.862602 0.209361 0.514761 0.743097 0.932154 1
0.265162 0.888329 0.410169 0.950567 0.702435 0.304173 1
0.984663 0.663298 0.524718 0.669449 0.117221 0.108830 0
0.768223 0.033458 0.190608 0.109503 0.446079 0.956589 0
0.045021 0.774248 0.492329 0.209201 0.668556 0.534238 0
0.246504 0.576782 0.935963 0.921748 0.466558 0.834205 1
0.910927 0.650159 0.160835 0.582146 0.549446 0.677938 1
0.213245 0.920843 0.123105 0.415137 0.552849 0.180743 0
0.676217 0.084446 0.220418 0.299262 0.040842 0.974381 0
0.063004 0.997021 0.475824 0.314562 0.724569 0.902889 0
0.418007 0.181962 0.162955 0.455254 0.651802 0.853210 0
0.775932 0.107592 0.074847 0.023981 0.796899 0.671290 1
0.639215 0.070338 0.151677 0.033607 0.711244 0.522598 1
0.172874 0.015209 0.968726 0.078462 0.110178 0.460110 1
0.889482 0.073134 0.625088 0.039442 0.168553 0.369787 0
0.416646 0.197322 0.836193 0.642269 0.922282 0.770075 1
0.582428 0.310413 0.618395 0.151439 0.641854 0.120760 1
0.928596 0.122356 0.713066 0.894967 0.726519 0.504585 1
0.178743 0.729881 0.493079 0.496977 0.796606 0.846167 0
0.043974 0.987506 0.314038 0.338536 0.282564 0.239275 0
0.533316 0.993268 0.211439 0.751442 0.187862 0.532509 1
0.084639 0.556065 0.506266 0.969496 0.937654 0.235745 1
0.329178 0.622694 0.331188 0.232543 0.104769 0.487627 0
0.612341 0.889930 0.134933 0.207841 0.253546 0.149797 0
0.316985 0.766863 0.880934 0.212246 0.577045 0.433076 0
0.204341 0.433606 0.785461 0.412927 0.565264 0.260296 1
0.905740 0.192011 0.412271 0.221588 0.430091 0.122654 0
0.712887 0.167349 0.185168 0.301979 0.417932 0.825037 0
0.057451 0.693697 0.910434 0.168503 0.129297 0.729521 0
0.352233 0.461697 0.208444 0.396484 0.913313 0.198601 0
0.925225 0.281477 0.034971 0.110558 0.797844 0.516359 1
0.401216 0.365536 0.148942 0.995786 0.753662 0.305525 0
0.600465 0.545358 0.266929 0.453125 0.381789 0.483898 0
0.669271 0.026937 0.175423 0.107911 0.903896 0.565369 1
0.574573 0.846339 0.945846 0.682427 0.599739 0.956209 1
0.786307 0.594163 0.637285 0.547778 0.313464 0.052941 0
0.945605 0.576728 0.027221 0.096031 0.978334 0.661199 1
0.639555 0.069665 0.365747 0.971499 0.281050 0.171249 0
0.390855 0.114949 0.703801 0.395836 0.311167 0.951585 1
0.544801 0.084021 0.297319 0.899876 0.758743 0.982481 1
0.240763 0.948351 0.780946 0.634711 0.047425 0.687369 1
0.344651 0.659940 0.625427 0.499009 0.216201 0.032910 0
0.921412 0.833703 0.908760 0.932489 0.046500 0.574541 1
0.346272 0.536789 0.564110 0.822956 0.073130 0.374746 1
0.848615 0.787772 0.070753 0.257314 0.072569 0.159310 0
0.127958 0.905540 0.907636 0.900331 0.403195 0.152526 1
0.988842 0.594522 0.289237 0.972542 0.313808 0.389446 0
0.415785 0.403571 0.543844 0.550497 0.880947 0.162498 1
0.501955 0.466471 0.608626 0.242255 0.053003 0.866986 0
0.548931 0.490384 0.207423 0.533861 0.918163 0.293324 1
0.305782 0.761556 0.364624 0.467166 0.211360 0.742285 0
0.770420 0.693042 0.452906 0.674843 0.558252 0.417332 0
0.100122 0.177964 0.530844 0.952965 0.402440 0.999130 1
0.678776 0.681682 0.831384 0.328732 0.372580 0.444764 0
0.068245 0.140336 0.100689 0.285259 0.475804 0.457252 0
0.975155 0.745529 0.277653 0.906721 0.680350 0.112143 0
0.022147 0.668224 0.086950 0.145455 0.679783 0.596818 0
0.379287 0.228988 0.923155 0.445448 0.074539 0.783512 1
0.263805 0.112194 0.297535 0.999491 0.708599 0.318671 0
0.830768 0.726629 0.912739 0.824888 0.477893 0.617833 1
0.410213 0.905475 0.163252 0.819803 0.185834 0.077308 1
0.128040 0.249091 0.242590 0.637128 0.996847 0.718654 0
0.398541 0.255790 0.303377 0.017424 0.240968 0.278557 0
0.881408 0.310345 0.250884 0.689350 0.850870 0.335988 1
0.067317 0.804039 0.686859 0.957869 0.572379 0.351743 1
0.570453 0.944885 0.859840 0.015531 0.192579 0.282919 0
0.588691 0.477377 0.098275 0.907138 0.241989 0.023244 0
0.452906 0.035046 0.426484 0.203353 0.047217 0.643581 0
0.197640 0.533828 0.751241 0.157947 0.052520 0.443902 0
0.699283 0.982404 0.052859 0.500748 0.405385 0.239391 0
0.268206 0.915663 0.568061 0.269728 0.420440 0.836638 0
0.157681 0.591629 0.669450 0.708264 0.627748 0.998725 1
0.665493 0.514790 0.049338 0.640130 0.534072 0.761864 1
0.935059 0.361923 0.376521 0.870782 0.720704 0.623521 1
0.643654 0.104048 0.998041 0.949602 0.894009 0.356166 1
0.986708 0.277606 0.628380 0.103770 0.640809 0.261601 1
0.875557 0.746865 0.989936 0.985673 0.266166 0.753641 1
0.738017 0.878920 0.250197 0.731019 0.645276 0.883800 1
0.012666 0.601240 0.593388 0.244422 0.337848 0.253719 0
0.900374 0.349560 0.230677 0.591728 0.970340 0.150197 1
0.408886 0.402326 0.444203 0.414813 0.210326 0.162644 0
0.243826 0.275654 0.809924 0.876110 0.585589 0.165846 1
0.546326 0.098608 0.895044 0.172716 0.127945 0.591856 0
0.282072 0.840311 0.914075 0.937071 0.188872 0.185224 1
0.051462 0.858989 0.425186 0.454432 0.083686 0.014384 0
0.722016 0.621478 0.391405 0.922927 0.223632 0.910871 1
0.124733 0.136126 0.797676 0.243393 0.805530 0.537401 1
0.919607 0.214478 0.910061 0.501598 0.803252 0.256962 1
0.087417 0.722879 0.955620 0.796624 0.744269 0.938032 1
0.998340 0.413124 0.421989 0.162007 0.243240 0.062128 0
0.895910 0.824176 0.233739 0.375514 0.441432 0.960200 1
0.681159 0.910076 0.926282 0.973394 0.157442 0.124905 0
0.740462 0.269685 0.838350 0.645712 0.053508 0.140962 0
0.341845 0.753503 0.224256 0.664417 0.299497 0.531877 1
0.281980 0.636440 0.433565 0.231362 0.942083 0.093899 0
0.549558 0.757477 0.605002 0.428080 0.658290 0.138062 0
0.040448 0.288378 0.415354 0.950025 0.558482 0.661323 0
0.711645 0.938435 0.949691 0.452374 0.718566 0.258095 0
0.467578 0.332295 0.102927 0.695638 0.556658 0.350272 0
0.395191 0.808881 0.156609 0.567646 0.609125 0.496810 1
0.371885 0.582924 0.472235 0.728983 0.673020 0.277148 1
0.094564 0.069717 0.911550 0.741059 0.429928 0.935478 1
0.938333 0.321860 0.555532 0.425317 0.626581 0.182109 1
0.451575 0.659336 0.209917 0.221404 0.174129 0.166685 0
0.765562 0.624340 0.512073 0.327445 0.775303 0.037150 0
0.484526 0.136802 0.638919 0.210523 0.320225 0.226442 1
0.106076 0.589507 0.240187 0.429341 0.738360 0.516520 0
0.081972 0.003309 0.256924 0.823705 0.029624 0.999368 0
0.005504 0.071873 0.603139 0.172890 0.364662 0.433871 1
0.308097 0.906006 0.238092 0.436878 0.760773 0.177836 0
0.257536 0.902799 0.771808 0.700099 0.360921 0.738994 1
0.370708 0.275399 0.957638 0.241466 0.488055 0.117574 1
0.428161 0.889763 0.951919 0.342467 0.489246 0.319391 0
0.001295 0.192397 0.318507 0.424108 0.587200 0.927486 0
0.347195 0.400200 0.084097 0.230735 0.546713 0.168793 0
0.705848 0.852463 0.841100 0.847293 0.040813 0.158593 0
0.336578 0.717143 0.387664 0.694094 0.404122 0.381526 1
0.520083 0.369436 0.218838 0.319397 0.662801 0.257823 1
0.672972 0.241608 0.137091 0.381501 0.304645 0.290298 0
0.066823 0.695312 0.324331 0.525436 0.672493 0.998791 1
0.940557 0.172452 0.696899 0.284941 0.093633 0.038025 0
0.153465 0.842900 0.547113 0.825239 0.637699 0.581205 1
0.922715 0.974409 0.123763 0.220128 0.219318 0.153652 0
0.139577 0.221151 0.576990 0.161027 0.347396 0.697687 1
0.664728 0.133911 0.113379 0.852020 0.660048 0.568890 1
0.320632 0.739296 0.400683 0.333717 0.014931 0.534273 0
0.441033 0.726470 0.691567 0.570366 0.928302 0.786085 1
0.228510 0.716542 0.051951 0.476475 0.469443 0.355583 0
0.335539 0.717503 0.120347 0.665885 0.942059 0.966025 1
0.229403 0.680808 0.225705 0.110985 0.734916 0.430919 0
0.163635 0.100485 0.653945 0.332287 0.525937 0.517895 1
0.555603 0.537955 0.605592 0.579058 0.637427 0.004551 0
0.513582 0.439632 0.610293 0.339356 0.351851 0.294502 0
0.415977 0.815401 0.411147 0.998302 0.109326 0.808008 1
0.821638 0.240103 0.536629 0.269644 0.155742 0.994749 0
0.598453 0.329632 0.308843 0.215119 0.792542 0.074818 1
0.162897 0.028528 0.377855 0.591612 0.267576 0.127991 0
0.025511 0.574841 0.260071 0.961650 0.953964 0.514340 1
0.425283 0.415643 0.505228 0.044840 0.396965 0.115363 1
0.823124 0.007410 0.544304 0.586037 0.330322 0.190581 0
0.372775 0.068288 0.961456 0.945006 0.090177 0.339930 1
0.958271 0.024777 0.717593 0.120139 0.822834 0.617817 1
0.951838 0.778487 0.040934 0.374513 0.309839 0.231391 0
0.985902 0.842862 0.846498 0.553234 0.562463 0.216186 0
0.178698 0.059267 0.427601 0.747397 0.186253 0.492228 0
0.037413 0.477835 0.610611 0.624178 0.028112 0.998474 1
0.308122 0.344004 0.946545 0.729995 0.610629 0.370358 1
0.167775 0.276386 0.553704 0.674452 0.803053 0.431608 1
0.442943 0.277991 0.958183 0.391205 0.207030 0.574543 1
0.989091 0.659689 0.102310 0.978714 0.639490 0.411298 0
0.826783 0.609057 0.735156 0.018790 0.241571 0.389284 0
0.214691 0.907632 0.090175 0.722705 0.726638 0.497541 1
0.144412 0.138334 0.717524 0.544476 0.990827 0.389802 1
0.807685 0.155154 0.899686 0.789702 0.294807 0.203832 0
0.729691 0.994859 0.047296 0.746943 0.965320 0.944333 1
0.669491 0.825622 0.486834 0.070513 0.563847 0.163243 0
0.375133 0.267069 0.728082 0.972202 0.718709 0.408076 1
0.081157 0.366490 0.404798 0.614114 0.038830 0.160113 0
0.436015 0.885387 0.209149 0.949341 0.830922 0.192109 1
0.224900 0.205161 0.707272 0.282159 0.924856 0.865269 1
0.355490 0.037386 0.264373 0.295017 0.937616 0.225376 0
0.527008 0.550103 0.349809 0.413335 0.027296 0.597245 1
0.137716 0.958504 0.483331 0.177041 0.844435 0.855334 0
0.278944 0.372703 0.530734 0.542838 0.478929 0.154200 1
0.872901 0.309198 0.695497 0.287034 0.186527 0.912083 0
0.444148 0.645278 0.320416 0.078235 0.253652 0.319913 0
0.157527 0.944421 0.467127 0.221308 0.505565 0.797984 0
0.967766 0.710058 0.480610 0.304433 0.661701 0.967873 1
0.447690 0.884684 0.027015 0.018148 0.960687 0.430340 0
0.555904 0.718606 0.169877 0.880434 0.755889 0.690994 1
0.072493 0.059901 0.201449 0.023268 0.036337 0.402628 0
0.529055 0.268693 0.272347 0.443925 0.716549 0.810165 1
0.346000 0.944279 0.841314 0.306558 0.240478 0.755131 0
0.322434 0.693104 0.757518 0.412792 0.419200 0.081406 0
0.381083 0.028928 0.917557 0.958405 0.776396 0.575451 1
0.298932 0.879515 0.503715 0.121452 0.655476 0.606470 0
0.122018 0.728715 0.770925 0.414574 0.417404 0.309770 0
0.086337 0.869448 0.096733 0.687099 0.519035 0.227312 1
0.933413 0.710368 0.826341 0.225928 0.445910 0.998179 1
0.424949 0.112528 0.942054 0.293039 0.627948 0.780840 1
0.337897 0.230596 0.978652 0.940595 0.064814 0.697101 1
0.597555 0.545707 0.299591 0.148261 0.140805 0.407276 0
0.639527 0.501506 0.979046 0.943030 0.201164 0.457331 0
0.638523 0.328228 0.440001 0.363271 0.783688 0.296932 1
0.342568 0.111666 0.341614 0.121777 0.057424 0.544879 0
0.926589 0.346845 0.122942 0.559012 0.780595 0.492890 1
0.765994 0.744938 0.452365 0.568829 0.997286 0.279355 0
0.052208 0.964546 0.712440 0.427924 0.254661 0.685967 0
0.908999 0.761336 0.623408 0.157610 0.557475 0.483648 0
0.917397 0.615107 0.584969 0.792930 0.248007 0.024123 0
0.194221 0.674908 0.624216 0.663410 0.149875 0.493351 1
0.605717 0.948895 0.062353 0.583353 0.514499 0.021421 0
0.286901 0.762074 0.864564 0.236723 0.007838 0.054304 0
0.209033 0.449573 0.717780 0.936732 0.403813 0.957419 1
0.393787 0.552325 0.444016 0.433477 0.088943 0.861964 0
0.511934 0.255534 0.408349 0.418124 0.661269 0.107887 1
0.854876 0.904275 0.390036 0.028884 0.463420 0.679012 1
0.282225 0.402713 0.987677 0.484624 0.321079 0.116155 1
0.353646 0.614674 0.738284 0.717173 0.518432 0.159916 1
0.360706 0.305232 0.863137 0.644190 0.968897 0.724271 1
0.119883 0.596156 0.190279 0.067012 0.830656 0.300695 0
0.585819 0.464155 0.228205 0.348528 0.057822 0.774351 0
0.176714 0.358570 0.620476 0.836701 0.489920 0.587179 1
0.418696 0.164634 0.972497 0.656576 0.719731 0.303049 1
0.180010 0.125079 0.328476 0.103248 0.864112 0.459123 0
0.594842 0.859698 0.870739 0.355870 0.875908 0.190234 0
0.282637 0.836306 0.369171 0.875006 0.013068 0.349410 1
0.807811 0.852118 0.183792 0.085296 0.915165 0.508001 1
0.101947 0.072946 0.988947 0.661366 0.462522 0.341873 1
0.499856 0.882667 0.590667 0.180327 0.374195 0.444207 0
0.947057 0.171782 0.360983 0.273965 0.953274 0.200105 1
0.875761 0.422482 0.634039 0.542996 0.564857 0.330642 1
0.848277 0.842068 0.765998 0.269040 0.832805 0.197692 0
0.912158 0.889350 0.399742 0.416759 0.933671 0.549188 1
0.129346 0.680468 0.241330 0.965949 0.146067 0.616736 1
0.243493 0.726105 0.433715 0.177424 0.705072 0.686156 0
0.344234 0.068275 0.211624 0.309570 0.480859 0.073640 0
0.246936 0.569102 0.948899 0.675279 0.534337 0.382506 1
0.705773 0.147436 0.929309 0.610514 0.872573 0.760458 1
0.953876 0.716009 0.624441 0.747578 0.103848 0.003891 0
0.316757 0.471039 0.575571 0.468608 0.334717 0.526164 1
0.842700 0.082288 0.996829 0.580228 0.665909 0.769387 1
0.743028 0.301399 0.736452 0.834514 0.887442 0.729767 1
0.163946 0.436598 0.818386 0.248013 0.301836 0.785020 1
0.082743 0.644860 0.737389 0.777024 0.873690 0.973633 1
0.568255 0.783467 0.561080 0.391363 0.836176 0.170058 0
0.161949 0.090506 0.061695 0.507999 0.862456 0.203743 0
0.093327 0.235858 0.064652 0.471428 0.395569 0.098067 0
0.692692 0.257421 0.994105 0.654571 0.085578 0.258723 0
0.238563 0.421434 0.087491 0.980261 0.950639 0.282617 0
0.409941 0.652210 0.538345 0.739491 0.973023 0.081396 1
0.943770 0.234838 0.685673 0.122146 0.126756 0.661134 0
0.987712 0.107264 0.876824 0.652079 0.495635 0.623584 0
0.808554 0.356396 0.472808 0.290326 0.840848 0.904831 1
0.280955 0.512668 0.881648 0.053458 0.098268 0.639508 0
0.386055 0.253286 0.898013 0.342336 0.968982 0.691051 1
0.409570 0.734964 0.926657 0.400910 0.332762 0.637641 0
0.678497 0.203687 0.874947 0.307639 0.975973 0.732624 1
0.853463 0.238975 0.352574 0.785526 0.784763 0.155495 1
0.674019 0.074967 0.089192 0.095503 0.205060 0.547611 0
0.962196 0.531673 0.469229 0.669506 0.739490 0.576841 1
0.085176 0.040074 0.191938 0.813359 0.203648 0.917674 0
0.727256 0.460013 0.770323 0.665748 0.157785 0.445064 0
0.957589 0.020507 0.201687 0.876992 0.084983 0.267805 0
0.158627 0.635228 0.200483 0.288485 0.079913 0.717833 0
0.440421 0.189644 0.738636 0.185666 0.481208 0.716481 1
0.715971 0.666980 0.161823 0.476157 0.655880 0.980817 1
0.984875 0.270202 0.258257 0.424067 0.133014 0.640182 0
0.270451 0.574083 0.748843 0.917868 0.775765 0.937738 1
0.210257 0.912202 0.661615 0.875165 0.627639 0.289243 1
0.775360 0.617922 0.544984 0.359606 0.352630 0.885524 1
0.497634 0.303543 0.828009 0.593724 0.182566 0.969733 1
0.319472 0.936252 0.020962 0.614555 0.712406 0.734566 1
0.023283 0.278174 0.984652 0.376916 0.794858 0.426222 1
0.886936 0.926594 0.826473 0.269804 0.276898 0.521103 1
0.280389 0.079931 0.606755 0.953581 0.664685 0.250126 1
0.806012 0.639974 0.541472 0.774136 0.572396 0.457725 0
0.694858 0.773729 0.299248 0.686717 0.116958 0.716662 1
0.428207 0.710321 0.581295 0.517708 0.006071 0.034929 1
0.018126 0.194068 0.239992 0.787177 0.680683 0.970211 0
0.345257 0.592942 0.455223 0.528002 0.588701 0.541751 1
0.046284 0.067828 0.341184 0.529409 0.968668 0.312517 0
0.479841 0.061756 0.040340 0.680462 0.674077 0.537607 0
0.415148 0.056744 0.939300 0.015860 0.214097 0.716128 1
0.572831 0.579655 0.673902 0.166902 0.643383 0.620092 1
0.441289 0.909887 0.832622 0.397067 0.833099 0.233187 0
0.703609 0.150476 0.334616 0.230952 0.743031 0.479493 1
0.174037 0.174472 0.186228 0.405183 0.047277 0.374637 0
0.127124 0.949453 0.731699 0.819405 0.211314 0.876719 1
0.116351 0.479018 0.969774 0.389669 0.145306 0.614520 1
0.239174 0.480799 0.128249 0.558850 0.416688 0.854294 0
0.035456 0.608449 0.039355 0.589122 0.303126 0.922859 1
0.405136 0.044129 0.619604 0.497593 0.729012 0.555788 1
0.051255 0.377687 0.455933 0.032579 0.123916 0.529439 0
0.841971 0.978918 0.020010 0.028133 0.741860 0.435398 0
0.030744 0.231245 0.731223 0.562489 0.994600 0.123313 1
0.369155 0.672316 0.821502 0.416927 0.738189 0.531149 0
0.718622 0.374232 0.821163 0.961536 0.338238 0.444903 0
0.861979 0.386960 0.236217 0.653369 0.780669 0.879492 1
0.304761 0.749919 0.135563 0.952947 0.691742 0.227061 1
0.623879 0.045753 0.544204 0.587346 0.432014 0.137168 0
0.139357 0.486185 0.203549 0.680113 0.928712 0.063689 0
0.293043 0.581013 0.177718 0.393780 0.119431 0.824129 0
0.918165 0.973306 0.894016 0.915598 0.784268 0.261158 0
0.554806 0.918498 0.415992 0.664515 0.539002 0.519127 1
0.826489 0.864400 0.550566 0.486237 0.627821 0.832256 1
0.650377 0.057873 0.110454 0.971990 0.238480 0.909473 0
0.764568 0.904607 0.888480 0.045965 0.340394 0.125109 0
0.834947 0.326277 0.198898 0.616551 0.625446 0.379700 1
0.876039 0.744887 0.320407 0.062180 0.099638 0.142883 0
0.323170 0.624591 0.016516 0.253999 0.074816 0.065924 0
0.311848 0.227006 0.882394 0.032352 0.332893 0.298232 1
0.513447 0.584783 0.289796 0.014816 0.667305 0.636247 1
0.948109 0.038061 0.876808 0.960986 0.705190 0.751928 1
0.338237 0.469462 0.546341 0.496655 0.241829 0.979234 1
0.395705 0.921006 0.169048 0.499837 0.462021 0.217490 0
0.663382 0.896440 0.378048 0.533470 0.388357 0.107405 0
0.949783 0.210771 0.864621 0.792096 0.223389 0.158988 0
0.534431 0.978215 0.418235 0.311449 0.113182 0.454609 0
0.282560 0.112816 0.896770 0.267195 0.437509 0.539330 1
0.772687 0.033269 0.943535 0.686954 0.703419 0.318004 1
0.847125 0.384694 0.210863 0.329674 0.908542 0.260686 1
0.441281 0.594296 0.017191 0.280800 0.489283 0.705733 0
0.332506 0.115671 0.630674 0.014175 0.533176 0.242812 1
0.216924 0.775273 0.621575 0.480154 0.385071 0.618266 0
0.886964 0.147263 0.064535 0.809499 0.012179 0.232067 0
0.052137 0.695285 0.626853 0.054581 0.097551 0.614445 0
0.855100 0.583553 0.264522 0.825689 0.134812 0.516136 1
0.745819 0.540269 0.583045 0.974553 0.899827 0.627969 1
0.971936 0.936652 0.976491 0.441301 0.929670 0.600251 1
0.778353 0.080149 0.706579 0.594311 0.048763 0.179820 0
0.179030 0.604212 0.437830 0.403661 0.187995 0.655812 0
0.278746 0.489466 0.976875 0.560510 0.219937 0.800787 1
0.737782 0.841793 0.998972 0.764040 0.260587 0.532044 1
0.224249 0.871431 0.573925 0.206296 0.605541 0.297131 0
0.946574 0.131402 0.543557 0.985057 0.203699 0.476068 0
0.235048 0.220047 0.203048 0.574310 0.053488 0.827976 0
0.285547 0.241673 0.282429 0.885802 0.413883 0.266015 0
0.780984 0.416502 0.874084 0.676945 0.622394 0.072208 1
0.692159 0.761922 0.845834 0.649936 0.735160 0.349945 0
0.512962 0.382203 0.704287 0.333709 0.057105 0.118285 0
0.200437 0.669176 0.321227 0.320983 0.584253 0.656888 0
0.643265 0.297759 0.195369 0.434822 0.748005 0.692655 1
0.421618 0.608401 0.750112 0.957543 0.640688 0.369106 1
0.211886 0.408184 0.329336 0.332768 0.909453 0.123450 0
0.811428 0.833605 0.666827 0.593255 0.846241 0.126652 0
0.968409 0.436904 0.314995 0.767667 0.565521 0.470312 1
0.700774 0.189672 0.494439 0.242120 0.238573 0.570568 0
0.356487 0.297195 0.470099 0.545175 0.458233 0.290457 0
0.177425 0.736212 0.719848 0.836985 0.099447 0.729155 1
0.039160 0.479928 0.172736 0.280229 0.951001 0.509840 0
0.571359 0.140111 0.514768 0.196128 0.887511 0.534430 1
0.703411 0.275138 0.133923 0.350420 0.760366 0.942111 1
0.893373 0.367970 0.589384 0.841350 0.653058 0.076696 1
0.555423 0.723067 0.261672 0.096134 0.826416 0.495920 0
0.517099 0.729939 0.941408 0.073095 0.505120 0.422606 0
0.110011 0.366932 0.057146 0.375891 0.635371 0.609268 0
0.462840 0.411234 0.810714 0.145038 0.726566 0.543694 1
0.455221 0.888443 0.358125 0.043901 0.817100 0.824389 0
0.043773 0.716357 0.889829 0.441514 0.541052 0.038489 0
0.528716 0.404331 0.566926 0.629996 0.347932 0.536433 0
0.738815 0.802170 0.253290 0.347473 0.107582 0.751370 1
0.426718 0.144280 0.173917 0.394576 0.767815 0.748212 0
0.969078 0.464352 0.852234 0.099368 0.929244 0.826882 1
0.268393 0.070560 0.927736 0.758369 0.289371 0.955044 1
0.901046 0.373941 0.141263 0.396404 0.465538 0.242517 0
0.413194 0.024659 0.091788 0.945927 0.058075 0.317106 0
0.791652 0.637885 0.126560 0.137565 0.264257 0.368696 0
0.306557 0.568305 0.431708 0.819379 0.127160 0.700173 1
0.975720 0.382126 0.540344 0.072562 0.913399 0.446396 1
0.433278 0.610730 0.968252 0.505613 0.333861 0.687281 1
0.064080 0.477526 0.250090 0.186371 0.241323 0.458750 0
0.051179 0.908896 0.166117 0.349869 0.610684 0.794162 0
0.123399 0.341165 0.603489 0.229249 0.869332 0.866295 1
0.890188 0.583151 0.672918 0.945868 0.181245 0.427768 0
0.970436 0.205830 0.046931 0.433020 0.102003 0.201376 0
0.654143 0.945084 0.822953 0.802961 0.275926 0.260052 0
0.317720 0.360779 0.124160 0.620835 0.620378 0.765927 0
0.859782 0.851308 0.930901 0.111683 0.343236 0.336429 0
0.997357 0.836674 0.091057 0.151408 0.183623 0.260184 0
0.515096 0.137747 0.045721 0.165661 0.629158 0.889178 1
0.174327 0.468026 0.703258 0.276749 0.058259 0.391424 1
0.442943 0.935652 0.999345 0.644755 0.048523 0.069531 1
0.490803 0.120997 0.892983 0.867039 0.124091 0.337208 1
0.153262 0.031078 0.084382 0.283253 0.891359 0.413150 0
0.038999 0.216220 0.056244 0.074454 0.315596 0.261834 0
0.932499 0.953818 0.912101 0.711623 0.391383 0.052290 0
0.941847 0.359166 0.076265 0.622468 0.152088 0.433733 0
0.769039 0.543062 0.217231 0.374421 0.745545 0.742721 1
0.860069 0.789831 0.801807 0.382507 0.004153 0.199735 0
0.694449 0.327773 0.940675 0.718817 0.255991 0.774556 0
0.494952 0.675974 0.892917 0.139817 0.531504 0.067653 0
0.131399 0.894689 0.222426 0.072838 0.112034 0.123548 0
0.062216 0.130432 0.845129 0.580801 0.973095 0.157521 1
0.597555 0.841937 0.594446 0.561970 0.117263 0.708978 1
0.710612 0.894265 0.711662 0.654620 0.814220 0.629991 1
0.150966 0.832727 0.722243 0.418335 0.502558 0.119253 0
0.654835 0.090389 0.253595 0.901872 0.645491 0.202357 1
0.046057 0.820482 0.941036 0.467994 0.074581 0.983746 0
0.096828 0.409993 0.288932 0.258496 0.774911 0.977093 0
0.693676 0.776058 0.641915 0.932928 0.428983 0.532656 1
0.922703 0.457505 0.616060 0.591439 0.234548 0.163699 0
0.401152 0.733255 0.589849 0.614485 0.239739 0.918777 1
0.337383 0.443322 0.646515 0.910093 0.237617 0.157563 1
0.017668 0.974230 0.760642 0.904541 0.242296 0.511786 1
0.398782 0.350466 0.566407 0.226900 0.025036 0.624569 1
0.591469 0.075933 0.472980 0.413484 0.027803 0.191589 0
0.740988 0.734327 0.800968 0.992065 0.675627 0.145351 0
0.283796 0.476030 0.270299 0.448690 0.450978 0.989737 0
0.064109 0.406227 0.152941 0.481569 0.117260 0.263389 0
0.948442 0.740069 0.839511 0.608772 0.564732 0.664237 1
0.691463 0.579868 0.734848 0.506026 0.751203 0.910498 1
0.329564 0.485025 0.771178 0.820036 0.422363 0.316220 1
0.513172 0.181543 0.888608 0.818906 0.776396 0.311207 1
0.982595 0.161607 0.269037 0.821494 0.236897 0.482527 0
0.363800 0.124329 0.116679 0.270886 0.934388 0.855455 0
0.318053 0.440211 0.891997 0.573041 0.527049 0.670338 1
0.718372 0.316927 0.551412 0.142649 0.523314 0.769897 1
0.138181 0.259602 0.943511 0.085720 0.662872 0.466130 1
0.774067 0.987875 0.489042 0.472634 0.279604 0.179957 0
0.977372 0.189057 0.633268 0.457718 0.335328 0.064185 0
0.654547 0.631497 0.007821 0.626173 0.075276 0.851433 1
0.574612 0.505282 0.824445 0.909446 0.059447 0.251109 0
0.471426 0.807856 0.071537 0.460349 0.369578 0.371553 0
0.097468 0.410599 0.753600 0.213049 0.268985 0.588946 1
0.973098 0.021951 0.082281 0.211596 0.382424 0.288476 0
0.064583 0.611322 0.712685 0.889049 0.958031 0.521339 1
0.505190 0.289714 0.900666 0.204172 0.343317 0.476410 0
0.022888 0.801940 0.569384 0.475951 0.396009 0.455555 0
0.758729 0.486180 0.801113 0.247853 0.954359 0.053835 1
0.389542 0.432905 0.594315 0.447422 0.102417 0.441246 1
0.391169 0.082164 0.097135 0.333001 0.046463 0.825888 0
0.463239 0.280315 0.354792 0.528586 0.869781 0.232920 0
0.690205 0.017960 0.672215 0.889171 0.060644 0.851089 0
0.627490 0.026924 0.548241 0.715887 0.063389 0.743920 0
0.364341 0.448610 0.292073 0.810220 0.764536 0.733740 0
0.939989 0.060469 0.046879 0.812072 0.753728 0.272262 1
0.449937 0.034800 0.138301 0.813447 0.017836 0.451900 0
0.349312 0.181714 0.618082 0.140242 0.632978 0.912229 1
0.082733 0.682485 0.453772 0.014622 0.507947 0.534214 0
0.339091 0.275485 0.075566 0.879784 0.924691 0.148136 0
0.871274 0.519309 0.385936 0.375769 0.593173 0.047290 0
0.349342 0.713251 0.220032 0.360715 0.302568 0.360421 0
0.094357 0.563636 0.606611 0.092943 0.859599 0.130464 0
0.241744 0.940683 0.098093 0.212391 0.562895 0.608291 0
0.141331 0.137090 0.397336 0.641964 0.882191 0.884485 0
0.117839 0.537575 0.330460 0.747856 0.046957 0.922022 1
0.315535 0.333222 0.104664 0.151440 0.174901 0.728082 0
0.017112 0.111264 0.438119 0.059530 0.445817 0.140579 0
0.374566 0.702704 0.874721 0.442945 0.008281 0.185752 0
0.910694 0.190610 0.516903 0.263824 0.910147 0.267342 1
0.773448 0.693317 0.434847 0.643059 0.726768 0.014056 0
0.814071 0.036110 0.067975 0.842754 0.323406 0.079325 0
0.998562 0.543693 0.151607 0.165693 0.959384 0.728785 1
0.344401 0.255560 0.193097 0.872117 0.176442 0.271978 0
0.661410 0.597631 0.521461 0.648896 0.450307 0.505052 1
0.730967 0.955944 0.026569 0.719210 0.493908 0.367548 0
0.249487 0.708151 0.603032 0.248732 0.985930 0.668575 0
0.687900 0.781157 0.578932 0.223638 0.762802 0.751140 1
0.587849 0.245984 0.067614 0.870401 0.279282 0.385683 0
0.780355 0.859814 0.433555 0.972717 0.752991 0.566598 1
0.938853 0.295395 0.455555 0.826713 0.253857 0.525749 0
0.789563 0.923750 0.534146 0.624425 0.906054 0.618368 1
0.899391 0.917437 0.262383 0.622898 0.543161 0.222657 0
0.118904 0.595486 0.695326 0.071854 0.581317 0.787946 0
0.740404 0.975246 0.149999 0.189352 0.540264 0.743488 1
0.158188 0.991576 0.070149 0.438104 0.627591 0.622041 0
0.674656 0.656287 0.647870 0.755499 0.325652 0.200588 0
0.353564 0.180609 0.458182 0.252549 0.209293 0.733311 0
0.143610 0.625515 0.831700 0.567806 0.515747 0.408807 1
0.809711 0.817851 0.934212 0.641710 0.555472 0.812697 1
0.248302 0.974696 0.376335 0.630233 0.237782 0.223812 1
0.431605 0.368632 0.366138 0.402821 0.644095 0.851771 0
0.389803 0.534872 0.831804 0.740153 0.639922 0.701994 1
0.625611 0.163642 0.735051 0.547518 0.686900 0.760751 1
0.640037 0.267870 0.764200 0.377211 0.047843 0.970367 0
0.348855 0.610531 0.510804 0.055792 0.138088 0.876004 0
0.227438 0.691119 0.616697 0.742443 0.085194 0.963224 1
0.209175 0.244199 0.467023 0.444162 0.249795 0.360332 0
0.086458 0.545500 0.863096 0.969594 0.976528 0.460703 1
0.135273 0.407430 0.636886 0.417343 0.435533 0.466724 1
0.658463 0.174988 0.255296 0.428535 0.360032 0.903219 0
0.547117 0.329044 0.593109 0.588386 0.300472 0.075707 0
0.715559 0.268044 0.845419 0.457134 0.898959 0.645165 1
0.327093 0.085852 0.513472 0.240255 0.470597 0.695704 1
0.231583 0.623545 0.465363 0.148026 0.457214 0.368762 0
0.560664 0.922772 0.971258 0.414362 0.280979 0.275305 0
0.054518 0.957778 0.938228 0.966322 0.865798 0.045512 1
0.479410 0.335384 0.623843 0.747403 0.016660 0.567295 1
0.099452 0.213852 0.862072 0.641781 0.268502 0.848667 1
0.501038 0.662113 0.780231 0.307243 0.281486 0.265942 0
0.031150 0.263672 0.984192 0.545981 0.131618 0.940149 1
0.363180 0.276511 0.417449 0.347601 0.913645 0.345670 0
0.467134 0.828529 0.820799 0.710574 0.613972 0.352536 1
0.436151 0.503912 0.958256 0.570132 0.165021 0.056145 1
0.068493 0.449904 0.628816 0.395879 0.796627 0.787114 1
0.964250 0.649041 0.378125 0.411727 0.617300 0.815114 1
0.555872 0.555872 0.431852 0.999239 0.310327 0.136500 0
0.025378 0.772593 0.701856 0.155329 0.199746 0.445448 0
0.024369 0.505771 0.470095 0.988454 0.117214 0.287303 1
0.960105 0.950604 0.275625 0.066958 0.840928 0.540535 1
0.872445 0.337592 0.172493 0.430279 0.180828 0.219233 0
0.494417 0.460751 0.866640 0.817736 0.770288 0.521225 1
0.257130 0.693572 0.063931 0.788047 0.362530 0.168420 1
0.183667 0.817430 0.374548 0.885645 0.680060 0.879710 1
0.636188 0.651936 0.075115 0.275688 0.948722 0.375353 0
0.755850 0.889596 0.033864 0.329459 0.078984 0.054359 0
0.198389 0.441733 0.664253 0.856993 0.456443 0.510493 1
0.761185 0.780253 0.511176 0.671553 0.744118 0.375436 0
0.877816 0.259958 0.813680 0.809259 0.044597 0.633348 0
0.923881 0.998059 0.482407 0.212256 0.619692 0.409114 0
0.342038 0.008723 0.780565 0.942349 0.851815 0.707549 1
0.841489 0.526259 0.302813 0.397533 0.937594 0.206879 0
0.003781 0.665640 0.002222 0.387540 0.185658 0.059493 0
0.717033 0.546761 0.730593 0.171869 0.574805 0.215171 0
0.062651 0.599497 0.826857 0.601121 0.868980 0.814326 1
0.863369 0.811965 0.084076 0.546447 0.111762 0.472050 0
0.548502 0.178011 0.401198 0.695059 0.297758 0.365510 0
0.355235 0.710367 0.267558 0.216615 0.996496 0.189044 0
0.077809 0.694566 0.638309 0.120871 0.997164 0.972034 0
0.905375 0.611503 0.054003 0.642468 0.440826 0.289518 0
0.029127 0.244881 0.640542 0.338503 0.154222 0.544465 1
0.129378 0.788804 0.444838 0.173316 0.601758 0.127338 0
0.662424 0.962350 0.606727 0.359427 0.710896 0.928636 1
0.990585 0.228361 0.130058 0.195214 0.226579 0.943860 0
0.405289 0.781330 0.931404 0.200089 0.349140 0.456264 0
0.474740 0.830627 0.175932 0.125393 0.137525 0.641436 0
0.293167 0.401565 0.593625 0.018136 0.413142 0.396267 1
0.047895 0.712569 0.955355 0.568113 0.128960 0.860783 1
0.351673 0.631140 0.827901 0.311364 0.714024 0.610821 0
0.305138 0.331106 0.536958 0.513928 0.739966 0.501193 1
0.768609 0.178320 0.076009 0.688295 0.478858 0.511286 0
0.535364 0.223459 0.750528 0.052127 0.239954 0.169197 0
0.913398 0.526479 0.119592 0.837352 0.307912 0.542891 1
0.729035 0.193288 0.533117 0.978136 0.266931 0.657198 0
0.223538 0.648111 0.836051 0.438379 0.931157 0.539352 0
0.461745 0.733057 0.172433 0.030362 0.629227 0.864298 0
0.507015 0.999302 0.214566 0.831769 0.420864 0.470261 0
0.207028 0.137911 0.108716 0.019640 0.936141 0.398466 0
0.691599 0.263038 0.484152 0.262357 0.937691 0.923124 1
0.402298 0.137845 0.366545 0.191447 0.448105 0.424847 0
0.025974 0.315901 0.589874 0.010653 0.819728 0.911919 1
0.983087 0.979234 0.690942 0.308248 0.368786 0.455924 0
0.319111 0.642552 0.748635 0.608241 0.805821 0.103804 1
0.242520 0.415978 0.890331 0.973313 0.223085 0.804249 1
0.352175 0.685343 0.407820 0.415950 0.228621 0.025158 0
0.036502 0.071029 0.741816 0.904091 0.073547 0.354735 1
0.121803 0.042946 0.876133 0.695865 0.498796 0.723431 1
0.417219 0.293660 0.863049 0.272586 0.015839 0.377444 1
0.597328 0.598289 0.566581 0.834537 0.033204 0.958998 1
0.548523 0.299783 0.559528 0.052663 0.106543 0.960263 0
0.780485 0.950464 0.878842 0.127218 0.286800 0.883738 1
0.102106 0.673378 0.610836 0.403402 0.562012 0.503498 0
0.228842 0.467315 0.104654 0.378785 0.645135 0.248543 0
0.070404 0.484280 0.284723 0.551214 0.912500 0.937368 0
0.661336 0.827251 0.615440 0.677486 0.237251 0.198245 0
0.177858 0.523916 0.820606 0.574507 0.668244 0.838035 1
0.489677 0.887783 0.244990 0.081088 0.574237 0.057953 0
0.531627 0.802789 0.589746 0.907493 0.032601 0.286409 0
0.398057 0.432012 0.587240 0.654640 0.112544 0.724077 1
0.990832 0.576245 0.392621 0.379947 0.023915 0.664507 1
0.187356 0.191903 0.008367 0.643230 0.339159 0.184464 0
0.056140 0.279976 0.579035 0.035140 0.700218 0.680151 1
0.911521 0.194008 0.171764 0.767846 0.584715 0.293707 1
0.546966 0.131319 0.950342 0.807176 0.935504 0.234930 1
0.377184 0.660099 0.044508 0.595973 0.453977 0.287350 1
0.128453 0.072646 0.594742 0.750839 0.202318 0.395673 1
0.110768 0.192788 0.903153 0.033028 0.634472 0.516733 1
0.897311 0.099340 0.700111 0.586022 0.189764 0.397474 0
0.885881 0.301601 0.705704 0.388555 0.250433 0.263000 0
0.514677 0.091350 0.851334 0.947248 0.030671 0.308479 0
0.590023 0.936916 0.879487 0.809316 0.721291 0.939259 1
0.828220 0.817716 0.722631 0.468579 0.538405 0.668455 1
0.077430 0.812951 0.920090 0.371119 0.151821 0.173901 0
0.245437 0.324470 0.140878 0.079605 0.200413 0.669027 0
0.192980 0.951432 0.555089 0.780934 0.921578 0.045485 1
0.599792 0.233752 0.806703 0.620606 0.259496 0.587507 0
0.632872 0.490811 0.497872 0.176508 0.938905 0.706015 1
0.008094 0.585943 0.593535 0.855665 0.255951 0.669784 1
0.296148 0.725759 0.840877 0.822304 0.843573 0.489216 1
0.104549 0.004072 0.440473 0.383387 0.854202 0.338990 0
0.662782 0.509974 0.791767 0.343469 0.171540 0.001404 0
0.327315 0.223560 0.454499 0.106076 0.663526 0.443709 0
0.480147 0.338642 0.385243 0.592216 0.432819 0.068119 0
0.550848 0.584026 0.389045 0.841531 0.776715 0.092177 0
0.140563 0.358542 0.258814 0.141233 0.856608 0.894164 0
0.549712 0.079732 0.979292 0.603710 0.434900 0.656873 0
0.876380 0.357099 0.981708 0.377591 0.922989 0.968304 1
0.726343 0.124635 0.195384 0.423694 0.786617 0.113326 1
0.172102 0.196118 0.518345 0.846894 0.968727 0.835326 1
0.337108 0.869819 0.342718 0.618328 0.548403 0.317861 1
0.241582 0.622319 0.135483 0.608085 0.401487 0.961148 1
0.963321 0.881686 0.000375 0.002564 0.653663 0.760243 1
0.990729 0.025497 0.986309 0.676182 0.484412 0.277776 0
0.356782 0.428084 0.518532 0.289405 0.664450 0.531982 1
0.396696 0.856503 0.054000 0.876769 0.776543 0.094038 1
0.309149 0.623880 0.941205 0.073860 0.974661 0.163487 0
0.730332 0.595696 0.384218 0.860362 0.943093 0.868348 1
0.402851 0.927746 0.921570 0.088851 0.084518 0.641827 0
0.213625 0.993427 0.167402 0.964183 0.318647 0.147232 1
0.903873 0.251996 0.139292 0.837838 0.385536 0.680608 0
0.898825 0.252614 0.489692 0.108500 0.481059 0.533760 0